{
    "uuid": "0a051640e64e564e98d40ce0dc435586",
    "import_path": "Models\\Vampire\\Vampire1.mesh",
    "resource_type": "model",
    "details": {
        "name": "Vampire1",
        "bounding_box": [
            [
                -53.21500015258789,
                30.044004440307617,
                -36.30815887451172
            ],
            [
                51.885189056396484,
                202.02340698242188,
                18.12206268310547
            ]
        ],
        "num_vertices": 338,
        "num_indices": 942,
        "material": "Models\\Vampire\\Vampire_MAT_Transparent0.mat",
        "bones": [
            {
                "id": 0,
                "name": "mixamorig:Hips",
                "inverse_bind_mat": [
                    1.0,
                    -1.6410348280260223e-06,
                    1.2360266055111424e-07,
                    0.0,
                    1.6410348280260223e-06,
                    1.0,
                    2.028362693735561e-13,
                    0.0,
                    -1.2360266055111424e-07,
                    -1.3552527156068805e-20,
                    1.0,
                    -0.0,
                    0.07175449281930923,
                    -121.75421905517578,
                    1.012356162071228,
                    1.0
                ]
            },
            {
                "id": 1,
                "name": "mixamorig:Spine",
                "inverse_bind_mat": [
                    1.0,
                    -5.048679501155715e-22,
                    4.804727421659738e-23,
                    0.0,
                    5.07149058174432e-22,
                    0.9955020546913147,
                    -0.09473994374275208,
                    0.0,
                    -0.0,
                    0.09473994374275208,
                    0.9955020546913147,
                    -0.0,
                    -3.1149963888310594e-06,
                    -128.41014099121094,
                    12.444221496582031,
                    1.0
                ]
            },
            {
                "id": 2,
                "name": "mixamorig:LeftUpLeg",
                "inverse_bind_mat": [
                    -1.0,
                    -1.3766261020009551e-07,
                    2.569678656527685e-07,
                    0.0,
                    7.995689088602376e-08,
                    -0.9771944284439087,
                    -0.212346613407135,
                    0.0,
                    2.803397478601255e-07,
                    -0.212346613407135,
                    0.9771944284439087,
                    -0.0,
                    12.954909324645996,
                    112.8028335571289,
                    24.430023193359375,
                    1.0
                ]
            },
            {
                "id": 3,
                "name": "mixamorig:RightUpLeg",
                "inverse_bind_mat": [
                    -1.0,
                    -4.971845157797361e-08,
                    6.172427191586394e-08,
                    0.0,
                    3.547767946088243e-08,
                    -0.9771944880485535,
                    -0.21234627068042755,
                    0.0,
                    7.087413678164012e-08,
                    -0.21234627068042755,
                    0.9771944880485535,
                    -0.0,
                    -12.954903602600098,
                    112.80290985107422,
                    24.430002212524414,
                    1.0
                ]
            },
            {
                "id": 4,
                "name": "mixamorig:L_C_skirt1",
                "inverse_bind_mat": [
                    0.035067494958639145,
                    0.2920388877391815,
                    -0.9557633399963379,
                    0.0,
                    -0.989025890827179,
                    0.14748157560825348,
                    0.008775908499956131,
                    0.0,
                    0.14352038502693176,
                    0.9449669718742371,
                    0.2940058410167694,
                    -0.0,
                    122.98779296875,
                    -32.47336959838867,
                    7.5318427085876465,
                    1.0
                ]
            },
            {
                "id": 5,
                "name": "mixamorig:L_A_skirt1",
                "inverse_bind_mat": [
                    0.14212381839752197,
                    0.6234412789344788,
                    0.7688446640968323,
                    0.0,
                    -0.988646388053894,
                    0.051128823310136795,
                    0.1412956267595291,
                    0.0,
                    0.048779405653476715,
                    -0.7801968455314636,
                    0.6236294507980347,
                    -0.0,
                    122.73526000976563,
                    -33.72443771362305,
                    -18.89179801940918,
                    1.0000001192092896
                ]
            },
            {
                "id": 6,
                "name": "mixamorig:L_B_skirt1",
                "inverse_bind_mat": [
                    0.14218689501285553,
                    0.9421687126159668,
                    -0.303481787443161,
                    0.0,
                    -0.9851049184799194,
                    0.1646445393562317,
                    0.049603983759880066,
                    0.0,
                    0.09670193493366241,
                    0.291908323764801,
                    0.9515452980995178,
                    -0.0,
                    122.87214660644531,
                    -42.21200180053711,
                    1.8514182567596436,
                    1.0
                ]
            },
            {
                "id": 7,
                "name": "mixamorig:R_C_skirt1",
                "inverse_bind_mat": [
                    -0.035067494958639145,
                    -0.2920388877391815,
                    -0.9557633399963379,
                    0.0,
                    -0.989025890827179,
                    0.14748157560825348,
                    -0.008775908499956131,
                    0.0,
                    0.14352038502693176,
                    0.9449669718742371,
                    -0.2940058410167694,
                    -0.0,
                    122.98756408691406,
                    -32.47334289550781,
                    -7.531871318817139,
                    1.0
                ]
            },
            {
                "id": 8,
                "name": "mixamorig:R_A_skirt1",
                "inverse_bind_mat": [
                    -0.14212381839752197,
                    -0.6234412789344788,
                    0.7688446640968323,
                    0.0,
                    -0.988646388053894,
                    0.051128823310136795,
                    -0.1412956267595291,
                    0.0,
                    0.048779405653476715,
                    -0.7801968455314636,
                    -0.6236294507980347,
                    -0.0,
                    122.73490142822266,
                    -33.7244758605957,
                    18.891759872436523,
                    1.0000001192092896
                ]
            },
            {
                "id": 9,
                "name": "mixamorig:R_B_skirt1",
                "inverse_bind_mat": [
                    -0.14218689501285553,
                    -0.9421687126159668,
                    -0.303481787443161,
                    0.0,
                    -0.9851049184799194,
                    0.1646445393562317,
                    -0.049603983759880066,
                    0.0,
                    0.09670193493366241,
                    0.291908323764801,
                    -0.9515452980995178,
                    -0.0,
                    122.8720703125,
                    -42.212005615234375,
                    -1.8514225482940674,
                    1.0
                ]
            },
            {
                "id": 10,
                "name": "mixamorig:F_skirt1",
                "inverse_bind_mat": [
                    -1.047528716363827e-15,
                    -3.2749443644623853e-16,
                    1.0,
                    0.0,
                    -0.9986063241958618,
                    0.05277686566114426,
                    -1.0287846183949182e-15,
                    0.0,
                    -0.05277686566114426,
                    -0.9986063241958618,
                    -3.82323302638483e-16,
                    -0.0,
                    116.52427673339844,
                    -31.273447036743164,
                    0.1656995415687561,
                    1.0
                ]
            },
            {
                "id": 11,
                "name": "mixamorig:Spine1",
                "inverse_bind_mat": [
                    1.0,
                    -5.048679501155715e-22,
                    4.804727421659738e-23,
                    0.0,
                    5.07149058174432e-22,
                    0.9955020546913147,
                    -0.09473994374275208,
                    0.0,
                    -0.0,
                    0.09473994374275208,
                    0.9955020546913147,
                    -0.0,
                    -3.1149963888310594e-06,
                    -136.96885681152344,
                    12.444220542907715,
                    1.0
                ]
            },
            {
                "id": 12,
                "name": "mixamorig:Spine2",
                "inverse_bind_mat": [
                    1.0,
                    -5.07149058174432e-22,
                    -0.0,
                    0.0,
                    5.07149058174432e-22,
                    1.0,
                    -0.0,
                    0.0,
                    -0.0,
                    -0.0,
                    1.0,
                    -0.0,
                    -3.1149963888310594e-06,
                    -166.713134765625,
                    -1.6364238262176514,
                    1.0
                ]
            },
            {
                "id": 13,
                "name": "mixamorig:L_horn1",
                "inverse_bind_mat": [
                    0.6024874448776245,
                    0.0005149543285369873,
                    -0.7981282472610474,
                    0.0,
                    -0.7321502566337585,
                    0.3984750509262085,
                    -0.5524252653121948,
                    0.0,
                    0.3177497088909149,
                    0.9171789884567261,
                    0.24045324325561523,
                    -0.0,
                    98.5526123046875,
                    -66.31578063964844,
                    76.66710662841797,
                    1.0
                ]
            },
            {
                "id": 14,
                "name": "mixamorig:R_horn1",
                "inverse_bind_mat": [
                    -0.5910276174545288,
                    -0.12917108833789825,
                    -0.7962419986724854,
                    0.0,
                    -0.794830322265625,
                    0.2616252303123474,
                    0.5475373864173889,
                    0.0,
                    0.13759097456932068,
                    0.9564869403839111,
                    -0.2572968304157257,
                    -0.0,
                    108.71923828125,
                    -48.086971282958984,
                    -76.85140228271484,
                    1.0000001192092896
                ]
            },
            {
                "id": 15,
                "name": "mixamorig:Neck",
                "inverse_bind_mat": [
                    1.0,
                    -5.07149058174432e-22,
                    -0.0,
                    0.0,
                    5.07149058174432e-22,
                    1.0,
                    -0.0,
                    0.0,
                    -0.0,
                    -0.0,
                    1.0,
                    -0.0,
                    -3.2407062917627627e-06,
                    -180.57107543945313,
                    5.768835067749023,
                    1.0
                ]
            },
            {
                "id": 16,
                "name": "mixamorig:LeftShoulder",
                "inverse_bind_mat": [
                    0.11344733089208603,
                    0.9080536365509033,
                    0.40319782495498657,
                    0.0,
                    -0.049984775483608246,
                    -0.40008750557899475,
                    0.9151129722595215,
                    0.0,
                    0.992285966873169,
                    -0.12397085875272751,
                    0.0,
                    -0.0,
                    4.4093194007873535,
                    60.214176177978516,
                    -168.06349182128906,
                    1.0000001192092896
                ]
            },
            {
                "id": 17,
                "name": "mixamorig:RightShoulder",
                "inverse_bind_mat": [
                    0.11344756931066513,
                    -0.9080555438995361,
                    -0.4031931459903717,
                    0.0,
                    0.049984198063611984,
                    -0.40008285641670227,
                    0.9151149392127991,
                    0.0,
                    -0.9922858476638794,
                    -0.12397085130214691,
                    0.0,
                    -0.0,
                    -4.4091925621032715,
                    60.21318054199219,
                    -168.0634307861328,
                    1.0
                ]
            },
            {
                "id": 18,
                "name": "mixamorig:Head",
                "inverse_bind_mat": [
                    1.0,
                    -5.07149058174432e-22,
                    -0.0,
                    0.0,
                    5.07149058174432e-22,
                    1.0,
                    -0.0,
                    0.0,
                    -0.0,
                    -0.0,
                    1.0,
                    -0.0,
                    -3.2879270293051377e-06,
                    -188.7695770263672,
                    11.471969604492188,
                    1.0
                ]
            },
            {
                "id": 19,
                "name": "mixamorig:HeadTop_End",
                "inverse_bind_mat": [
                    1.0,
                    -5.07149058174432e-22,
                    -0.0,
                    0.0,
                    5.07149058174432e-22,
                    1.0,
                    -0.0,
                    0.0,
                    -0.0,
                    -0.0,
                    1.0,
                    -0.0,
                    -3.395727389943204e-06,
                    -206.5303955078125,
                    24.804643630981445,
                    1.0
                ]
            },
            {
                "id": 20,
                "name": "LeftEye",
                "inverse_bind_mat": [
                    1.0,
                    -5.07149058174432e-22,
                    -0.0,
                    0.0,
                    5.07149058174432e-22,
                    1.0,
                    -0.0,
                    0.0,
                    -0.0,
                    -0.0,
                    1.0,
                    -0.0,
                    -3.087952136993408,
                    -191.83970642089844,
                    28.245380401611328,
                    1.0
                ]
            },
            {
                "id": 21,
                "name": "RightEye",
                "inverse_bind_mat": [
                    1.0,
                    -5.07149058174432e-22,
                    -0.0,
                    0.0,
                    5.07149058174432e-22,
                    1.0,
                    -0.0,
                    0.0,
                    -0.0,
                    -0.0,
                    1.0,
                    -0.0,
                    3.3031113147735596,
                    -191.83970642089844,
                    28.245380401611328,
                    1.0
                ]
            },
            {
                "id": 22,
                "name": "mixamorig:LeftArm",
                "inverse_bind_mat": [
                    -0.0007902818033471704,
                    0.9999992847442627,
                    -0.0009234792087227106,
                    0.0,
                    -0.0,
                    0.0009234794997610152,
                    0.9999995827674866,
                    0.0,
                    0.9999997019767761,
                    0.000790281395893544,
                    -7.29809016775107e-07,
                    -0.0,
                    -1.1694060564041138,
                    -26.65541648864746,
                    -171.95477294921875,
                    1.0
                ]
            },
            {
                "id": 23,
                "name": "mixamorig:LeftForeArm",
                "inverse_bind_mat": [
                    0.01666223257780075,
                    0.9998607635498047,
                    -0.000923360581509769,
                    0.0,
                    1.6114869140437804e-05,
                    0.0009232202428393066,
                    0.9999995827674866,
                    0.0,
                    0.9998611807823181,
                    -0.016662240028381348,
                    -7.297148840734735e-07,
                    -0.0,
                    -2.2297182083129883,
                    -60.735042572021484,
                    -171.9547882080078,
                    1.0
                ]
            },
            {
                "id": 24,
                "name": "mixamorig:LeftHand",
                "inverse_bind_mat": [
                    0.01666223257780075,
                    0.9998607635498047,
                    -0.000923360581509769,
                    0.0,
                    1.6114869140437804e-05,
                    0.0009232202428393066,
                    0.9999995827674866,
                    0.0,
                    0.9998611807823181,
                    -0.016662240028381348,
                    -7.297148840734735e-07,
                    -0.0,
                    -2.229717969894409,
                    -101.81100463867188,
                    -171.95477294921875,
                    1.0
                ]
            },
            {
                "id": 25,
                "name": "mixamorig:LeftHandThumb1",
                "inverse_bind_mat": [
                    0.5248298048973083,
                    0.7666851282119751,
                    0.369794100522995,
                    0.0,
                    0.023293226957321167,
                    -0.4472079873085022,
                    0.8941265940666199,
                    0.0,
                    0.8508884906768799,
                    -0.46065056324005127,
                    -0.2525666356086731,
                    -0.0,
                    -54.37312316894531,
                    -16.007972717285156,
                    -190.95309448242188,
                    1.0000001192092896
                ]
            },
            {
                "id": 26,
                "name": "mixamorig:LeftHandIndex1",
                "inverse_bind_mat": [
                    0.016582390293478966,
                    0.9998621940612793,
                    -0.0009258350473828614,
                    0.0,
                    1.611488187336363e-05,
                    0.0009256951161660254,
                    0.9999996423721313,
                    0.0,
                    0.9998626112937927,
                    -0.016582397744059563,
                    -7.624240652148728e-07,
                    -0.0,
                    2.516465187072754,
                    -120.1080551147461,
                    -170.98097229003906,
                    1.0
                ]
            },
            {
                "id": 27,
                "name": "mixamorig:LeftHandMiddle1",
                "inverse_bind_mat": [
                    0.016478950157761574,
                    0.9998638033866882,
                    -0.000926334410905838,
                    0.0,
                    1.6114894606289454e-05,
                    0.0009261945961043239,
                    0.9999995827674866,
                    0.0,
                    0.9998642206192017,
                    -0.01647895760834217,
                    -8.499828254571185e-07,
                    -0.0,
                    -2.0683391094207764,
                    -119.7363510131836,
                    -171.90362548828125,
                    1.0
                ]
            },
            {
                "id": 28,
                "name": "mixamorig:LeftHandRing1",
                "inverse_bind_mat": [
                    0.01637876220047474,
                    0.9998654127120972,
                    -0.0009313170448876917,
                    0.0,
                    1.611490733921528e-05,
                    0.0009311780449934304,
                    0.9999995231628418,
                    0.0,
                    0.9998658895492554,
                    -0.016378769651055336,
                    -8.611968951299787e-07,
                    -0.0,
                    -6.184866428375244,
                    -117.57858276367188,
                    -171.80210876464844,
                    1.0
                ]
            },
            {
                "id": 29,
                "name": "mixamorig:LeftHandPinky1",
                "inverse_bind_mat": [
                    0.016709037125110626,
                    0.9998599886894226,
                    -0.0009229952120222151,
                    0.0,
                    1.6114863683469594e-05,
                    0.0009228547569364309,
                    0.9999995827674866,
                    0.0,
                    0.999860405921936,
                    -0.016709042713046074,
                    -6.925929483259097e-07,
                    -0.0,
                    -8.898933410644531,
                    -114.51837921142578,
                    -171.07675170898438,
                    1.0
                ]
            },
            {
                "id": 30,
                "name": "mixamorig:LeftHandThumb2",
                "inverse_bind_mat": [
                    0.5204234719276428,
                    0.7686204314231873,
                    0.3719976842403412,
                    0.0,
                    0.025811556726694107,
                    -0.44960206747055054,
                    0.8928560614585876,
                    0.0,
                    0.8535182476043701,
                    -0.4550613760948181,
                    -0.2538227438926697,
                    -0.0,
                    -54.25919723510742,
                    -18.14573097229004,
                    -191.00759887695313,
                    1.0
                ]
            },
            {
                "id": 31,
                "name": "mixamorig:LeftHandThumb3",
                "inverse_bind_mat": [
                    0.5268149971961975,
                    0.7657937407493591,
                    0.3688168525695801,
                    0.0,
                    0.02215510606765747,
                    -0.44613659381866455,
                    0.8946905732154846,
                    0.0,
                    0.8496911525726318,
                    -0.463165283203125,
                    -0.251997709274292,
                    -0.0,
                    -54.447120666503906,
                    -21.262847900390625,
                    -190.91744995117188,
                    1.0
                ]
            },
            {
                "id": 32,
                "name": "mixamorig:LeftHandThumb4",
                "inverse_bind_mat": [
                    0.5268149971961975,
                    0.7657937407493591,
                    0.3688168525695801,
                    0.0,
                    0.02215510606765747,
                    -0.44613659381866455,
                    0.8946905732154846,
                    0.0,
                    0.8496911525726318,
                    -0.463165283203125,
                    -0.251997709274292,
                    -0.0,
                    -54.44711685180664,
                    -27.457962036132813,
                    -190.91744995117188,
                    1.0
                ]
            },
            {
                "id": 33,
                "name": "mixamorig:LeftHandIndex2",
                "inverse_bind_mat": [
                    0.016680274158716202,
                    0.9998604655265808,
                    -0.0009248927235603333,
                    0.0,
                    1.6114865502458997e-05,
                    0.0009247525013051927,
                    0.9999995827674866,
                    0.0,
                    0.9998608827590942,
                    -0.0166802816092968,
                    -6.874925020383671e-07,
                    -0.0,
                    2.5042622089385986,
                    -124.80569458007813,
                    -170.98106384277344,
                    1.0
                ]
            },
            {
                "id": 34,
                "name": "mixamorig:LeftHandIndex3",
                "inverse_bind_mat": [
                    0.016690198332071304,
                    0.9998602867126465,
                    -0.0009239330538548529,
                    0.0,
                    1.6124045941978693e-05,
                    0.0009237926569767296,
                    0.9999995827674866,
                    0.0,
                    0.9998607039451599,
                    -0.0166902057826519,
                    -7.035087037365884e-07,
                    -0.0,
                    2.5029947757720947,
                    -127.69949340820313,
                    -170.981201171875,
                    1.0
                ]
            },
            {
                "id": 35,
                "name": "mixamorig:LeftHandIndex4",
                "inverse_bind_mat": [
                    0.016690198332071304,
                    0.9998602867126465,
                    -0.0009239330538548529,
                    0.0,
                    1.6124045941978693e-05,
                    0.0009237926569767296,
                    0.9999995827674866,
                    0.0,
                    0.9998607039451599,
                    -0.0166902057826519,
                    -7.035087037365884e-07,
                    -0.0,
                    2.502995252609253,
                    -133.84014892578125,
                    -170.981201171875,
                    1.0
                ]
            },
            {
                "id": 36,
                "name": "mixamorig:LeftHandMiddle2",
                "inverse_bind_mat": [
                    0.016704177483916283,
                    0.9998601675033569,
                    -0.0009230170398950577,
                    0.0,
                    1.6114865502458997e-05,
                    0.0009228765266016126,
                    0.9999996423721313,
                    0.0,
                    0.9998605847358704,
                    -0.01670418493449688,
                    -6.967184731365705e-07,
                    -0.0,
                    -2.0964014530181885,
                    -124.73721313476563,
                    -171.904052734375,
                    1.0
                ]
            },
            {
                "id": 37,
                "name": "mixamorig:LeftHandMiddle3",
                "inverse_bind_mat": [
                    0.016172848641872406,
                    0.9998688101768494,
                    -0.0009317216463387012,
                    0.0,
                    1.6114934624056332e-05,
                    0.0009315828792750835,
                    0.9999995231628418,
                    0.0,
                    0.9998692274093628,
                    -0.016172857955098152,
                    -1.0464700608281419e-06,
                    -0.0,
                    -2.0284578800201416,
                    -128.0183868408203,
                    -171.90293884277344,
                    1.0
                ]
            },
            {
                "id": 38,
                "name": "mixamorig:LeftHandMiddle4",
                "inverse_bind_mat": [
                    0.016172848641872406,
                    0.9998688101768494,
                    -0.0009317216463387012,
                    0.0,
                    1.6114934624056332e-05,
                    0.0009315828792750835,
                    0.9999995231628418,
                    0.0,
                    0.9998692274093628,
                    -0.016172857955098152,
                    -1.0464700608281419e-06,
                    -0.0,
                    -2.0284578800201416,
                    -132.44131469726563,
                    -171.90292358398438,
                    1.0
                ]
            },
            {
                "id": 39,
                "name": "mixamorig:LeftHandRing2",
                "inverse_bind_mat": [
                    0.01667385920882225,
                    0.9998607039451599,
                    -0.0009251011069864035,
                    0.0,
                    1.6114869140437804e-05,
                    0.0009249610011465847,
                    0.9999996423721313,
                    0.0,
                    0.9998610615730286,
                    -0.016673866659402847,
                    -6.899536515447835e-07,
                    -0.0,
                    -6.220554351806641,
                    -121.07347106933594,
                    -171.80288696289063,
                    1.0
                ]
            },
            {
                "id": 40,
                "name": "mixamorig:LeftHandRing3",
                "inverse_bind_mat": [
                    0.017475921660661697,
                    0.999846875667572,
                    -0.0009061666787602007,
                    0.0,
                    1.6131676602526568e-05,
                    0.0009060231386683881,
                    0.9999995827674866,
                    0.0,
                    0.9998472929000854,
                    -0.017475929111242294,
                    -2.956148819066584e-07,
                    -0.0,
                    -6.319943428039551,
                    -124.04899597167969,
                    -171.80520629882813,
                    1.0
                ]
            },
            {
                "id": 41,
                "name": "mixamorig:LeftHandRing4",
                "inverse_bind_mat": [
                    0.017475921660661697,
                    0.999846875667572,
                    -0.0009061666787602007,
                    0.0,
                    1.6131676602526568e-05,
                    0.0009060231386683881,
                    0.9999995827674866,
                    0.0,
                    0.9998472929000854,
                    -0.017475929111242294,
                    -2.956148819066584e-07,
                    -0.0,
                    -6.319943428039551,
                    -128.9715118408203,
                    -171.80520629882813,
                    1.0
                ]
            },
            {
                "id": 42,
                "name": "mixamorig:LeftHandPinky2",
                "inverse_bind_mat": [
                    0.01626928709447384,
                    0.9998672008514404,
                    -0.0009308248991146684,
                    0.0,
                    1.611492371011991e-05,
                    0.0009306859574280679,
                    0.9999995231628418,
                    0.0,
                    0.9998676776885986,
                    -0.016269292682409286,
                    -9.711875463835895e-07,
                    -0.0,
                    -8.847150802612305,
                    -117.90022277832031,
                    -171.07582092285156,
                    1.0
                ]
            },
            {
                "id": 43,
                "name": "mixamorig:LeftHandPinky3",
                "inverse_bind_mat": [
                    0.015846913680434227,
                    0.9998739957809448,
                    -0.0009375218069180846,
                    0.0,
                    1.6114978279802017e-05,
                    0.0009373840875923634,
                    0.9999995231628418,
                    0.0,
                    0.999874472618103,
                    -0.015846922993659973,
                    -1.2583004718180746e-06,
                    -0.0,
                    -8.79614543914795,
                    -120.90354919433594,
                    -171.0750274658203,
                    1.0
                ]
            },
            {
                "id": 44,
                "name": "mixamorig:LeftHandPinky4",
                "inverse_bind_mat": [
                    0.015846913680434227,
                    0.9998739957809448,
                    -0.0009375218069180846,
                    0.0,
                    1.6114978279802017e-05,
                    0.0009373840875923634,
                    0.9999995231628418,
                    0.0,
                    0.999874472618103,
                    -0.015846922993659973,
                    -1.2583004718180746e-06,
                    -0.0,
                    -8.79614543914795,
                    -126.70162963867188,
                    -171.07501220703125,
                    1.0
                ]
            },
            {
                "id": 45,
                "name": "mixamorig:RightArm",
                "inverse_bind_mat": [
                    -0.0007901008939370513,
                    -0.9999992847442627,
                    0.0009381595882587135,
                    0.0,
                    5.684341886080802e-14,
                    0.000938159879297018,
                    0.9999995231628418,
                    0.0,
                    -0.9999997019767761,
                    0.0007901005446910858,
                    -7.412409672724607e-07,
                    -0.0,
                    1.1694153547286987,
                    -26.65796661376953,
                    -171.95407104492188,
                    1.0
                ]
            },
            {
                "id": 46,
                "name": "mixamorig:RightForeArm",
                "inverse_bind_mat": [
                    0.016662277281284332,
                    -0.9998607635498047,
                    0.0009251134470105171,
                    0.0,
                    -1.614533357496839e-05,
                    0.0009249728755094111,
                    0.9999995827674866,
                    0.0,
                    -0.9998611807823181,
                    -0.01666228473186493,
                    -7.309317879844457e-07,
                    -0.0,
                    2.2297253608703613,
                    -60.735382080078125,
                    -171.9548797607422,
                    1.0
                ]
            },
            {
                "id": 47,
                "name": "mixamorig:RightHand",
                "inverse_bind_mat": [
                    0.016662277281284332,
                    -0.9998607635498047,
                    0.0009251134470105171,
                    0.0,
                    -1.614533357496839e-05,
                    0.0009249728755094111,
                    0.9999995827674866,
                    0.0,
                    -0.9998611807823181,
                    -0.01666228473186493,
                    -7.309317879844457e-07,
                    -0.0,
                    2.2297253608703613,
                    -101.81140899658203,
                    -171.95486450195313,
                    1.0
                ]
            },
            {
                "id": 48,
                "name": "mixamorig:RightHandThumb1",
                "inverse_bind_mat": [
                    0.5224294662475586,
                    -0.7669081687927246,
                    -0.37271904945373535,
                    0.0,
                    -0.017984451726078987,
                    -0.4469267725944519,
                    0.8943898677825928,
                    0.0,
                    -0.8524929285049438,
                    -0.46055248379707336,
                    -0.24728013575077057,
                    -0.0,
                    53.21533203125,
                    -16.077898025512695,
                    -191.27281188964844,
                    1.0
                ]
            },
            {
                "id": 49,
                "name": "mixamorig:RightHandIndex1",
                "inverse_bind_mat": [
                    0.016581950709223747,
                    -0.9998622536659241,
                    0.0008514366345480084,
                    0.0,
                    -1.6145473637152463e-05,
                    0.0008512859931215644,
                    0.9999997019767761,
                    0.0,
                    -0.9998626112937927,
                    -0.016581958159804344,
                    -2.027266646109638e-06,
                    -0.0,
                    -2.516512870788574,
                    -120.09500122070313,
                    -170.9897918701172,
                    1.0
                ]
            },
            {
                "id": 50,
                "name": "mixamorig:RightHandMiddle1",
                "inverse_bind_mat": [
                    0.01647893525660038,
                    -0.9998637437820435,
                    0.0009995915461331606,
                    0.0,
                    -1.6145484551088884e-05,
                    0.0009994611609727144,
                    0.999999463558197,
                    0.0,
                    -0.9998642206192017,
                    -0.016478944569826126,
                    3.267723513999954e-07,
                    -0.0,
                    2.0683445930480957,
                    -119.74845123291016,
                    -171.89434814453125,
                    1.0
                ]
            },
            {
                "id": 51,
                "name": "mixamorig:RightHandRing1",
                "inverse_bind_mat": [
                    0.016380518674850464,
                    -0.9998654723167419,
                    0.0008576451800763607,
                    0.0,
                    -1.6145499103004113e-05,
                    0.0008574957610107958,
                    0.9999996423721313,
                    0.0,
                    -0.9998658299446106,
                    -0.01638052426278591,
                    -2.0971056073904037e-06,
                    -0.0,
                    6.185081481933594,
                    -117.56559753417969,
                    -171.81121826171875,
                    1.0
                ]
            },
            {
                "id": 52,
                "name": "mixamorig:RightHandPinky1",
                "inverse_bind_mat": [
                    0.01670924946665764,
                    -0.9998596906661987,
                    0.0011844448745250702,
                    0.0,
                    -1.6145453628269024e-05,
                    0.0011843404499813914,
                    0.9999992847442627,
                    0.0,
                    -0.999860405921936,
                    -0.016709256917238235,
                    3.6462515708990395e-06,
                    -0.0,
                    8.898966789245605,
                    -114.56282043457031,
                    -171.04640197753906,
                    1.0
                ]
            },
            {
                "id": 53,
