{
    "uuid": "e5ec1c7e7aed5143b8b8b3a488909322",
    "import_path": "Models\\SkinningTest\\RootNode.skel",
    "resource_type": "skeleton",
    "details": {
        "name": "RootNode",
        "bones": [
            {
                "id": 0,
                "name": "mixamorig:Hips",
                "inverse_bind_mat": [
                    1.0,
                    5.010232371205348e-07,
                    -4.440892627896218e-16,
                    -4.451683707884513e-05,
                    -5.009814003642532e-07,
                    0.999916672706604,
                    -0.012916456907987595,
                    -104.2862548828125,
                    -6.471444269351423e-09,
                    0.012916456907987595,
                    0.999916672706604,
                    0.20732441544532776,
                    0.0,
                    0.0,
                    -0.0,
                    1.0
                ]
            },
            {
                "id": 1,
                "name": "mixamorig:Spine",
                "inverse_bind_mat": [
                    1.0,
                    6.010997921634953e-09,
                    -3.337713749829163e-08,
                    1.2084661648259498e-05,
                    -1.0381677739701445e-09,
                    0.9891317486763,
                    0.14703181385993958,
                    -112.96464538574219,
                    3.389819269727923e-08,
                    -0.14703181385993958,
                    0.9891317486763,
                    18.49625587463379,
                    0.0,
                    0.0,
                    -0.0,
                    1.0
                ]
            },
            {
                "id": 2,
                "name": "mixamorig:RightUpLeg",
                "inverse_bind_mat": [
                    -1.0,
                    2.1266757244120527e-08,
                    -6.7466974229546395e-09,
                    -8.207796096801758,
                    -2.1213510947859504e-08,
                    -0.9999696016311646,
                    -0.007796428166329861,
                    97.52058410644531,
                    -6.912296957040098e-09,
                    -0.007796428166329861,
                    0.9999696016311646,
                    0.7150899767875671,
                    0.0,
                    0.0,
                    -0.0,
                    1.0
                ]
            },
            {
                "id": 3,
                "name": "mixamorig:LeftUpLeg",
                "inverse_bind_mat": [
                    -1.0,
                    4.2750762929699704e-08,
                    -7.024217651974141e-09,
                    8.207779884338379,
                    -4.269453057759165e-08,
                    -0.9999694228172302,
                    -0.007819396443665028,
                    97.52053833007813,
                    -7.358287756886739e-09,
                    -0.007819396443665028,
                    0.9999694228172302,
                    0.7173342704772949,
                    0.0,
                    0.0,
                    -0.0,
                    1.0
                ]
            },
            {
                "id": 4,
                "name": "mixamorig:Spine1",
                "inverse_bind_mat": [
                    1.0,
                    6.010997921634953e-09,
                    -3.337713749829163e-08,
                    1.2084661648259498e-05,
                    -1.0381677739701445e-09,
                    0.9891317486763,
                    0.14703181385993958,
                    -122.96732330322266,
                    3.389819269727923e-08,
                    -0.14703181385993958,
                    0.9891317486763,
                    18.49625587463379,
                    0.0,
                    0.0,
                    -0.0,
                    1.0
                ]
            },
            {
                "id": 5,
                "name": "mixamorig:Spine2",
                "inverse_bind_mat": [
                    1.0,
                    -6.723839618416605e-08,
                    -4.42654624066563e-08,
                    2.1881252905586734e-05,
                    7.211829711195605e-08,
                    0.9925921559333801,
                    0.12149394303560257,
                    -132.72210693359375,
                    3.5768493944488e-08,
                    -0.12149394303560257,
                    0.9925921559333801,
                    15.081133842468262,
                    0.0,
                    0.0,
                    -0.0,
                    1.0
                ]
            },
            {
                "id": 6,
                "name": "mixamorig:Neck",
                "inverse_bind_mat": [
                    1.0,
                    -6.723839618416605e-08,
                    -4.42654624066563e-08,
                    2.1880838176002726e-05,
                    7.211829711195605e-08,
                    0.9925921559333801,
                    0.12149394303560257,
                    -149.58743286132813,
                    3.5768493944488e-08,
                    -0.12149394303560257,
                    0.9925921559333801,
                    15.081133842468262,
                    0.0,
                    0.0,
                    -0.0,
                    1.0
                ]
            },
            {
                "id": 7,
                "name": "mixamorig:RightShoulder",
                "inverse_bind_mat": [
                    -0.20569546520709991,
                    -0.010190960019826889,
                    -0.9785630702972412,
                    3.7787556648254395,
                    -0.9773643612861633,
                    -0.04842246696352959,
                    0.20594775676727295,
                    1.851672887802124,
                    -0.04948323965072632,
                    0.998775064945221,
                    9.31322685637781e-10,
                    -144.6351318359375,
                    0.0,
                    0.0,
                    -0.0,
                    1.0000001192092896
                ]
            },
            {
                "id": 8,
                "name": "mixamorig:LeftShoulder",
                "inverse_bind_mat": [
                    -0.2057066112756729,
                    0.01018767710775137,
                    0.9785606265068054,
                    -3.7780978679656982,
                    0.9773626923561096,
                    -0.04840415343642235,
                    0.20595873892307281,
                    1.8485510349273682,
                    0.049464643001556396,
                    0.9987757802009583,
                    0.0,
                    -144.63497924804688,
                    0.0,
                    0.0,
                    -0.0,
                    0.9999998807907104
                ]
            },
            {
                "id": 9,
                "name": "mixamorig:Head",
                "inverse_bind_mat": [
                    1.0,
                    -6.723839618416605e-08,
                    -4.42654624066563e-08,
                    2.1988405933370814e-05,
                    7.211829711195605e-08,
                    0.9925921559333801,
                    0.12149394303560257,
                    -158.92935180664063,
                    3.5768493944488e-08,
                    -0.12149394303560257,
                    0.9925921559333801,
                    17.92217445373535,
                    0.0,
                    0.0,
                    -0.0,
                    1.0
                ]
            },
            {
                "id": 10,
                "name": "mixamorig:HeadTop_End",
                "inverse_bind_mat": [
                    1.0,
                    -6.723839618416605e-08,
                    -4.42654624066563e-08,
                    2.100270830851514e-05,
                    7.211829711195605e-08,
                    0.9925921559333801,
                    0.12149394303560257,
                    -179.89215087890625,
                    3.5768493944488e-08,
                    -0.12149394303560257,
                    0.9925921559333801,
                    28.045108795166016,
                    0.0,
                    0.0,
                    -0.0,
                    1.0
                ]
            },
            {
                "id": 11,
                "name": "mixamorig:RightArm",
                "inverse_bind_mat": [
                    1.4598070663396356e-07,
                    0.0,
                    -1.0,
                    5.548501968383789,
                    -1.0,
                    7.860682416094278e-08,
                    -1.4598070663396356e-07,
                    -15.162837982177734,
                    7.860682416094278e-08,
                    1.0,
                    1.1475079750072805e-14,
                    -144.06129455566406,
                    0.0,
                    0.0,
                    -0.0,
                    1.0
                ]
            },
            {
                "id": 12,
                "name": "mixamorig:RightForeArm",
                "inverse_bind_mat": [
                    1.4598070663396356e-07,
                    0.0,
                    -1.0,
                    5.5485100746154785,
                    -1.0,
                    7.860682416094278e-08,
                    -1.4598070663396356e-07,
                    -43.004356384277344,
                    7.860682416094278e-08,
                    1.0,
                    1.1475079750072805e-14,
                    -144.06129455566406,
                    0.0,
                    0.0,
                    -0.0,
                    1.0
                ]
            },
            {
                "id": 13,
                "name": "mixamorig:RightHand",
                "inverse_bind_mat": [
                    1.4598070663396356e-07,
                    0.0,
                    -1.0,
                    5.548495769500732,
                    -1.0,
                    7.860682416094278e-08,
                    -1.4598070663396356e-07,
                    -71.33319091796875,
                    7.860682416094278e-08,
                    1.0,
                    1.1475079750072805e-14,
                    -144.06129455566406,
                    0.0,
                    0.0,
                    -0.0,
                    1.0
                ]
            },
            {
                "id": 14,
                "name": "mixamorig:RightHandThumb1",
                "inverse_bind_mat": [
                    0.39693912863731384,
                    0.23120836913585663,
                    -0.8882465362548828,
                    -1.1046676635742188,
                    -0.7675341963768005,
                    -0.4470718801021576,
                    -0.45936691761016846,
                    8.376426696777344,
                    -0.5033195614814758,
                    0.8641003370285034,
                    0.0,
                    -160.26730346679688,
                    0.0,
                    0.0,
                    -0.0,
                    1.0
                ]
            },
            {
                "id": 15,
                "name": "mixamorig:RightHandIndex1",
                "inverse_bind_mat": [
                    0.0003283892583567649,
                    -7.249421951627255e-09,
                    -0.9999999403953552,
                    3.315068006515503,
                    -0.9999999403953552,
                    1.290471800530213e-06,
                    -0.0003283892583567649,
                    -80.44056701660156,
                    1.2904740742669674e-06,
                    1.0,
                    -6.825644494057315e-09,
                    -143.54330444335938,
                    0.0,
                    0.0,
                    -0.0,
                    1.0
                ]
            },
            {
                "id": 16,
                "name": "mixamorig:RightHandMiddle1",
                "inverse_bind_mat": [
                    0.001003465848043561,
                    -7.3024848390446095e-09,
                    -0.9999995231628418,
                    5.629654407501221,
                    -0.9999995231628418,
                    2.034947783613461e-06,
                    -0.001003465848043561,
                    -80.8603744506836,
                    2.034953922702698e-06,
                    1.0,
                    -5.260480495650199e-09,
                    -144.0610809326172,
                    0.0,
                    0.0,
                    -0.0,
                    1.0
                ]
            },
            {
                "id": 17,
                "name": "mixamorig:RightHandRing1",
                "inverse_bind_mat": [
                    -0.0003118043823633343,
                    -7.199098650545466e-09,
                    -0.9999999403953552,
                    7.3885393142700195,
                    -0.9999999403953552,
                    -6.065347690764611e-08,
                    0.0003118043823633343,
                    -80.43907165527344,
                    -6.065571511726375e-08,
                    1.0,
                    -7.180186223365581e-09,
                    -144.01820373535156,
                    0.0,
                    0.0,
                    -0.0,
                    1.0
                ]
            },
            {
                "id": 18,
                "name": "mixamorig:RightHandPinky1",
                "inverse_bind_mat": [
                    -0.0010408716043457389,
                    -7.141785385300636e-09,
                    -0.999999463558197,
                    9.272104263305664,
                    -0.999999463558197,
                    -9.262826097256038e-06,
                    0.0010408716043457389,
                    -79.41822052001953,
                    -9.262827916245442e-06,
                    1.0,
                    2.4996307246283322e-09,
                    -143.5753173828125,
                    0.0,
                    0.0,
                    -0.0,
                    1.0
                ]
            },
            {
                "id": 19,
                "name": "mixamorig:RightHandThumb2",
                "inverse_bind_mat": [
                    0.38374611735343933,
                    0.22086463868618011,
                    -0.8966370224952698,
                    -0.658323347568512,
                    -0.7771158814430237,
                    -0.44726818799972534,
                    -0.44276660680770874,
                    3.461487293243408,
                    -0.49882861971855164,
                    0.8667007684707642,
                    0.0,
                    -160.28707885742188,
                    0.0,
                    0.0,
                    -0.0,
                    1.0
                ]
            },
            {
                "id": 20,
                "name": "mixamorig:RightHandThumb3",
                "inverse_bind_mat": [
                    0.37374648451805115,
                    0.21327196061611176,
                    -0.9026786088943481,
                    -0.40237998962402344,
                    -0.7840131521224976,
                    -0.4473835527896881,
                    -0.43031543493270874,
                    -0.4811286926269531,
                    -0.49561774730682373,
                    0.8685407638549805,
                    0.0,
                    -160.28721618652344,
                    0.0,
                    0.0,
                    -0.0,
                    1.0
                ]
            },
            {
                "id": 21,
                "name": "mixamorig:RightHandThumb4",
                "inverse_bind_mat": [
                    0.5537738800048828,
                    0.048262834548950195,
                    -0.831267237663269,
                    37.18379592895508,
                    -0.7332483530044556,
                    -0.44479459524154663,
                    -0.5143001079559326,
                    0.5926399230957031,
                    -0.39456474781036377,
                    0.8943312764167786,
                    -0.21092697978019714,
                    -155.9439239501953,
                    0.0,
                    0.0,
                    -0.0,
                    1.0
                ]
            },
            {
                "id": 22,
                "name": "mixamorig:RightHandIndex2",
                "inverse_bind_mat": [
                    -0.00018289923900738358,
                    -6.589617296270944e-09,
                    -1.0,
                    3.272047758102417,
                    -1.0,
                    1.290477484872099e-06,
                    0.00018289923900738358,
                    -84.14225006103516,
                    1.2904761206300464e-06,
                    1.0,
                    -6.825644494057315e-09,
                    -143.5433349609375,
                    0.0,
                    0.0,
                    -0.0,
                    1.0
                ]
            },
            {
                "id": 23,
                "name": "mixamorig:RightHandIndex3",
                "inverse_bind_mat": [
                    -7.055294645397225e-06,
                    -6.816539777076969e-09,
                    -1.0,
                    3.2873449325561523,
                    -1.0,
                    1.2905087487524725e-06,
                    7.055294645397225e-06,
                    -86.9916763305664,
                    1.2905088624393102e-06,
                    1.0,
                    -6.825644494057315e-09,
                    -143.5433349609375,
                    0.0,
                    0.0,
                    -0.0,
                    1.0
                ]
            },
            {
                "id": 24,
                "name": "mixamorig:RightHandIndex4",
                "inverse_bind_mat": [
                    -0.00018116942374035716,
                    0.002005376387387514,
                    -0.9999979734420776,
                    2.98384952545166,
                    -0.9999999403953552,
                    9.426935889678134e-07,
                    0.00018117167928721756,
                    -89.7643814086914,
                    1.306009039581113e-06,
                    0.9999980330467224,
                    0.0020053761545568705,
                    -143.54962158203125,
                    0.0,
                    0.0,
                    -0.0,
                    1.0
                ]
            },
            {
                "id": 25,
                "name": "mixamorig:RightHandMiddle2",
                "inverse_bind_mat": [
                    -0.0006962769548408687,
                    -3.843587226270984e-09,
                    -0.9999997615814209,
                    5.485915660858154,
                    -0.9999997615814209,
                    2.034957560681505e-06,
                    0.0006962769548408687,
                    -84.56980895996094,
                    2.034954377450049e-06,
                    1.0,
                    -5.260480495650199e-09,
                    -144.0611114501953,
                    0.0,
                    0.0,
                    -0.0,
                    1.0
                ]
            },
            {
                "id": 26,
                "name": "mixamorig:RightHandMiddle3",
                "inverse_bind_mat": [
                    -5.259298632154241e-05,
                    -5.153455884254754e-09,
                    -1.0,
                    5.5422492027282715,
                    -1.0,
                    2.0349589249235578e-06,
                    5.259298995952122e-05,
                    -87.51626586914063,
                    2.0349586975498823e-06,
                    1.0,
                    -5.260480495650199e-09,
                    -144.0610809326172,
                    0.0,
                    0.0,
                    -0.0,
                    1.0
                ]
            },
            {
                "id": 27,
                "name": "mixamorig:RightHandMiddle4",
                "inverse_bind_mat": [
                    -0.00038537822547368705,
                    0.001857622992247343,
                    -0.9999982118606567,
                    5.244522571563721,
                    -0.9999999403953552,
                    1.4158915746520506e-06,
                    0.00038538151420652866,
                    -90.46464538574219,
                    2.1317825940059265e-06,
                    0.9999982714653015,
                    0.001857622293755412,
                    -144.0711212158203,
                    0.0,
                    0.0,
                    -0.0,
                    1.0
                ]
            },
            {
                "id": 28,
                "name": "mixamorig:RightHandRing2",
                "inverse_bind_mat": [
                    0.00013122578093316406,
                    -7.1722263683682286e-09,
                    -1.0,
                    7.425673007965088,
                    -1.0,
                    -6.065925362008784e-08,
                    -0.00013122578093316406,
                    -83.8150634765625,
                    -6.065830859824928e-08,
                    1.0,
                    -7.180186223365581e-09,
                    -144.01821899414063,
                    0.0,
                    0.0,
                    -0.0,
                    1.0
                ]
            },
            {
                "id": 29,
                "name": "mixamorig:RightHandRing3",
                "inverse_bind_mat": [
                    0.0003568359825294465,
                    -7.158541315277489e-09,
                    -0.9999999403953552,
                    7.445234298706055,
                    -0.9999999403953552,
                    -6.065971547286608e-08,
                    -0.0003568359825294465,
                    -86.70307159423828,
                    -6.065715041358999e-08,
                    1.0,
                    -7.180185779276371e-09,
                    -144.01820373535156,
                    0.0,
                    0.0,
                    -0.0,
                    1.0
                ]
            },
            {
                "id": 30,
                "name": "mixamorig:RightHandRing4",
                "inverse_bind_mat": [
                    0.001955407438799739,
                    0.00029214267851784825,
                    -0.999998152256012,
                    7.545970439910889,
                    -0.999998152256012,
                    4.4076995209252345e-07,
                    -0.001955407438799739,
                    -89.32994842529297,
                    -1.3048885705302382e-07,
                    1.0,
                    0.0002921429986599833,
                    -144.02040100097656,
                    0.0,
                    0.0,
                    -0.0,
                    1.0
                ]
            },
            {
                "id": 31,
                "name": "mixamorig:RightHandPinky2",
                "inverse_bind_mat": [
                    -0.0027333321049809456,
                    -2.2818763767418204e-08,
                    -0.9999963641166687,
                    9.131587028503418,
                    -0.9999963641166687,
                    -9.26280154089909e-06,
                    0.0027333321049809456,
                    -83.03379821777344,
                    -9.262828825740144e-06,
                    1.0,
                    2.4996291703160978e-09,
                    -143.57533264160156,
                    0.0,
                    0.0,
                    -0.0,
                    1.0
                ]
            },
            {
                "id": 32,
                "name": "mixamorig:RightHandPinky3",
                "inverse_bind_mat": [
                    -0.0017397787887603045,
                    -1.3615643723596804e-08,
                    -0.9999985098838806,
                    9.216166496276855,
                    -0.9999985098838806,
                    -9.262818821298424e-06,
                    0.0017397787887603045,
                    -85.12467956542969,
                    -9.262827916245442e-06,
                    1.0,
                    2.4996307246283322e-09,
                    -143.57533264160156,
                    0.0,
                    0.0,
                    -0.0,
                    1.0
                ]
            },
            {
                "id": 33,
                "name": "mixamorig:RightHandPinky4",
                "inverse_bind_mat": [
                    -0.0016572290332987905,
                    0.003138946369290352,
                    -0.9999938011169434,
                    8.7726469039917,
                    -0.9999986886978149,
                    -9.004814273794182e-06,
                    0.0016572088934481144,
                    -87.23973846435547,
                    -3.8028683775337413e-06,
                    0.9999951720237732,
                    0.0031389568466693163,
                    -143.60357666015625,
                    0.0,
                    0.0,
                    -0.0,
                    1.0
                ]
            },
            {
                "id": 34,
                "name": "mixamorig:LeftArm",
                "inverse_bind_mat": [
                    8.237163910962408e-07,
                    0.0,
                    1.0,
                    -5.5485053062438965,
                    1.0,
                    -1.1688845233948086e-06,
                    -8.237163910962408e-07,
                    -15.162631034851074,
                    1.1688845233948086e-06,
                    1.0,
                    -9.628293171429214e-13,
                    -144.0613250732422,
                    0.0,
                    0.0,
                    -0.0,
                    1.0
                ]
            },
            {
                "id": 35,
                "name": "mixamorig:LeftForeArm",
                "inverse_bind_mat": [
                    8.237163910962408e-07,
                    0.0,
                    1.0,
                    -5.5485053062438965,
                    1.0,
                    -1.1688845233948086e-06,
                    -8.237163910962408e-07,
                    -43.004154205322266,
                    1.1688845233948086e-06,
                    1.0,
                    -9.628293171429214e-13,
                    -144.0613250732422,
                    0.0,
                    0.0,
                    -0.0,
                    1.0
                ]
            },
            {
                "id": 36,
                "name": "mixamorig:LeftHand",
                "inverse_bind_mat": [
                    8.237163910962408e-07,
                    0.0,
                    1.0,
                    -5.548511028289795,
                    1.0,
                    -1.1688845233948086e-06,
                    -8.237163910962408e-07,
                    -71.3329849243164,
                    1.1688845233948086e-06,
                    1.0,
                    -9.628293171429214e-13,
                    -144.0613250732422,
                    0.0,
                    0.0,
                    -0.0,
                    1.0
                ]
            },
            {
                "id": 37,
                "name": "mixamorig:LeftHandThumb1",
                "inverse_bind_mat": [
                    0.39562997221946716,
                    -0.23016959428787231,
                    0.8891000747680664,
                    1.049713134765625,
                    0.7685049176216125,
                    -0.4471007287502289,
                    -0.45771291851997375,
                    8.30218505859375,
                    0.5028688311576843,
                    0.8643626570701599,
                    0.0,
                    -160.2701416015625,
                    0.0,
                    0.0,
                    -0.0,
                    1.0
                ]
            },
            {
                "id": 38,
                "name": "mixamorig:LeftHandIndex1",
                "inverse_bind_mat": [
                    -8.732931746635586e-05,
                    1.0210569195701069e-10,
                    1.0,
                    -3.2815568447113037,
                    1.0,
                    -2.502036522855633e-06,
                    8.732931746635586e-05,
                    -80.44239807128906,
                    2.502036522855633e-06,
                    1.0,
                    1.1639545577368793e-10,
                    -143.5434112548828,
                    0.0,
                    0.0,
                    -0.0,
                    1.0
                ]
            },
            {
                "id": 39,
                "name": "mixamorig:LeftHandMiddle1",
                "inverse_bind_mat": [
                    -6.246909470064566e-05,
                    7.304694349397067e-11,
                    1.0,
                    -5.543356418609619,
                    1.0,
                    -1.9858316591125913e-06,
                    6.246909470064566e-05,
                    -80.86662292480469,
                    1.9858316591125913e-06,
                    1.0,
                    5.1006136814191194e-11,
                    -144.0614471435547,
                    0.0,
                    0.0,
                    -0.0,
                    1.0
                ]
            },
            {
                "id": 40,
                "name": "mixamorig:LeftHandRing1",
                "inverse_bind_mat": [
                    1.3450270671455655e-05,
                    -1.5694017266310034e-11,
                    1.0,
                    -7.414608001708984,
                    1.0,
                    -2.418683834548574e-06,
                    -1.3450270671455655e-05,
                    -80.43724060058594,
                    2.418683834548574e-06,
                    1.0,
                    -1.683793729445604e-11,
                    -144.01841735839844,
                    0.0,
                    0.0,
                    -0.0,
                    1.0
                ]
            },
            {
                "id": 41,
                "name": "mixamorig:LeftHandPinky1",
                "inverse_bind_mat": [
                    0.0040904199704527855,
                    3.592293396081914e-08,
                    0.9999916553497314,
                    -9.679459571838379,
                    0.9999916553497314,
                    8.782138138485607e-06,
                    -0.0040904199704527855,
                    -79.37327575683594,
                    -8.782212717051152e-06,
                    1.0,
                    -3.552713678800501e-15,
                    -143.5736541748047,
                    0.0,
                    0.0,
                    -0.0,
                    1.0
                ]
            },
            {
                "id": 42,
                "name": "mixamorig:LeftHandThumb2",
                "inverse_bind_mat": [
                    0.383980393409729,
                    -0.2210187315940857,
                    0.8964985609054565,
                    0.6531715393066406,
                    0.7769790887832642,
                    -0.44722840189933777,
                    -0.44304654002189636,
                    3.466449737548828,
                    0.4988612234592438,
                    0.8666818737983704,
                    0.0,
                    -160.28759765625,
                    0.0,
                    0.0,
                    -0.0,
                    1.0
                ]
            },
            {
                "id": 43,
                "name": "mixamorig:LeftHandThumb3",
                "inverse_bind_mat": [
                    0.3752470016479492,
                    -0.21429350972175598,
                    0.901813805103302,
                    0.41660887002944946,
                    0.7831135392189026,
                    -0.44721516966819763,
                    -0.4321249723434448,
                    -0.4363709092140198,
                    0.49590635299682617,
                    0.8683761358261108,
                    0.0,
                    -160.2877960205078,
                    0.0,
                    0.0,
                    -0.0,
                    1.0
                ]
            },
            {
                "id": 44,
                "name": "mixamorig:LeftHandThumb4",
                "inverse_bind_mat": [
                    0.5487627387046814,
                    -0.03370656073093414,
                    0.8352983593940735,
                    -38.77867126464844,
                    0.7396976351737976,
                    -0.44595932960510254,
                    -0.5039520263671875,
                    0.23602294921875,
                    0.3894955813884735,
                    0.8944183588027954,
                    -0.2197932004928589,
                    -155.55581665039063,
                    0.0,
                    0.0,
                    -0.0,
                    1.0
                ]
            },
            {
                "id": 45,
                "name": "mixamorig:LeftHandIndex2",
                "inverse_bind_mat": [
                    0.0001228670444106683,
                    -4.2381331777363584e-10,
                    1.0,
                    -3.299243211746216,
                    1.0,
                    -3.183479293511482e-06,
                    -0.0001228670444106683,
                    -84.1416015625,
                    3.183479293511482e-06,
                    1.0,
                    3.266856229977577e-11,
                    -143.54347229003906,
                    0.0,
                    0.0,
                    -0.0,
                    1.0
                ]
            },
            {
                "id": 46,
                "name": "mixamorig:LeftHandIndex3",
                "inverse_bind_mat": [
                    -9.631170541979373e-06,
                    -2.0079771179126737e-12,
                    1.0,
                    -3.28771710395813,
                    1.0,
                    -3.852980171359377e-06,
                    9.631170541979373e-06,
                    -86.99195098876953,
                    3.852980171359377e-06,
                    1.0,
                    3.911668211564745e-11,
                    -143.54351806640625,
                    0.0,
                    0.0,
                    -0.0,
                    1.0
                ]
            },
            {
                "id": 47,
                "name": "mixamorig:LeftHandIndex4",
                "inverse_bind_mat": [
                    -3.5773158742813393e-05,
                    -0.000755126413423568,
                    0.9999997019767761,
                    -3.176976203918457,
                    1.0,
                    -3.884038505930221e-06,
                    3.577023380785249e-05,
                    -89.76689147949219,
                    3.857026058540214e-06,
                    0.9999997019767761,
                    0.0007551264716312289,
                    -143.5459747314453,
                    0.0,
                    0.0,
                    -0.0,
                    1.0
                ]
            },
            {
                "id": 48,
                "name": "mixamorig:LeftHandMiddle2",
                "inverse_bind_mat": [
                    -2.0076815417269245e-05,
                    -1.1136976757475381e-11,
                    1.0,
                    -5.546940803527832,
                    1.0,
                    -1.6586640185778379e-06,
                    2.0076815417269245e-05,
                    -84.5664291381836,
                    1.6586640185778379e-06,
                    1.0,
                    4.443766882245015e-11,
                    -144.0614013671875,
                    0.0,
                    0.0,
                    -0.0,
                    1.0
                ]
            },
            {
                "id": 49,
                "name": "mixamorig:LeftHandMiddle3",
                "inverse_bind_mat": [
                    2.1302188542904332e-05,
                    -7.977084270915924e-11,
                    1.0,
                    -5.550562858581543,
                    1.0,
                    -8.034842267079512e-07,
                    -2.1302188542904332e-05,
                    -87.51632690429688,
                    8.034842267079512e-07,
                    1.0,
                    6.265486740542059e-11,
                    -144.06134033203125,
                    0.0,
                    0.0,
                    -0.0,
                    1.0
                ]
            },
            {
                "id": 50,
                "name": "mixamorig:LeftHandMiddle4",
                "inverse_bind_mat": [
                    7.727003685431555e-05,
                    -0.0020482803229242563,
                    0.9999979138374329,
                    -5.2605366706848145,
                    1.0,
                    -6.92644675837073e-07,
                    -7.727162301307544e-05,
                    -90.4688949584961,
                    8.509172175763524e-07,
                    0.9999979138374329,
                    0.0020482805557549,
                    -144.07240295410156,
                    0.0,
                    0.0,
                    -0.0,
                    1.0
                ]
            },
            {
                "id": 51,
                "name": "mixamorig:LeftHandRing2",
                "inverse_bind_mat": [
                    1.3450270671455655e-05,
                    -1.5694017266310034e-11,
                    1.0,
                    -7.414608001708984,
                    1.0,
                    -2.418683834548574e-06,
                    -1.3450270671455655e-05,
                    -83.58724212646484,
                    2.418683834548574e-06,
                    1.0,
                    -1.683793729445604e-11,
                    -144.01840209960938,
                    0.0,
                    0.0,
                    -0.0,
                    1.0
                ]
            },
            {
                "id": 52,
                "name": "mixamorig:LeftHandRing3",
                "inverse_bind_mat": [
                    1.3450270671455655e-05,
                    -1.5694017266310034e-11,
                    1.0,
                    -7.414610385894775,
                    1.0,
                    -2.418683834548574e-06,
                    -1.3450270671455655e-05,
                    -86.53723907470703,
                    2.418683834548574e-06,
                    1.0,
                    -1.683793729445604e-11,
                    -144.01841735839844,
                    0.0,
                    0.0,
                    -0.0,
                    1.0
                ]
            },
            {
                "id": 53,
                "name": "mixamorig:LeftHandRing4",
                "inverse_bind_mat": [
                    4.554642509901896e-05,
                    0.000986874452792108,
                    0.9999995231628418,
                    -7.559574127197266,
                    1.0,
                    -1.8881814867199864e-06,
                    -4.554458428174257e-05,
                    -89.181396484375,
                    1.8432338038110174e-06,
                    0.9999995231628418,
                    -0.0009868745692074299,
                    -144.01097106933594,
                    0.0,
                    0.0,
                    -0.0,
                    1.0
                ]
            },
            {
                "id": 54,
