{
    "uuid": "5437e18e4a04544d9690bc18991970bb",
    "import_path": "Models\\AnimTest\\Cylinder.0020.mesh",
    "resource_type": "model",
    "details": {
        "name": "Cylinder.0020",
        "bounding_box": [
            [
                -0.6976931691169739,
                -5.107576228624566e-08,
                -0.20266906917095184
            ],
            [
                0.6976932287216187,
                1.9546947479248047,
                0.18626591563224792
            ]
        ],
        "num_vertices": 1562,
        "num_indices": 6726,
        "material": "Models\\AnimTest\\Material.0090.mat",
        "bones": [
            {
                "id": 0,
                "name": "c_pos",
                "inverse_bind_mat": [
                    -1.0,
                    -0.0,
                    -0.0,
                    -0.0,
                    -0.0,
                    1.6292067073209182e-07,
                    -1.0,
                    -0.0,
                    -0.0,
                    -1.0,
                    -1.6292067073209182e-07,
                    0.0,
                    -0.0,
                    0.0,
                    0.0,
                    1.0
                ]
            },
            {
                "id": 1,
                "name": "c_traj",
                "inverse_bind_mat": [
                    -1.0,
                    -0.0,
                    -0.0,
                    -0.0,
                    -0.0,
                    1.6292067073209182e-07,
                    -1.0,
                    -0.0,
                    -0.0,
                    -1.0,
                    -1.6292067073209182e-07,
                    0.0,
                    -0.0,
                    0.0,
                    0.0,
                    1.0
                ]
            },
            {
                "id": 2,
                "name": "c_root_master.x",
                "inverse_bind_mat": [
                    1.0,
                    -0.0,
                    1.6601878087385558e-05,
                    -0.0,
                    2.7047890836795485e-12,
                    1.0,
                    -1.6292067073209182e-07,
                    -0.0,
                    -1.6601878087385558e-05,
                    1.6292067073209182e-07,
                    1.0,
                    0.0,
                    -4.25171606366348e-07,
                    -1.050088882446289,
                    0.025609850883483887,
                    1.0
                ]
            },
            {
                "id": 3,
                "name": "head_scale_fix.x",
                "inverse_bind_mat": [
                    1.0,
                    -6.821209721195876e-13,
                    6.810028571635485e-05,
                    -0.0,
                    -2.372127937633195e-06,
                    0.9993930459022522,
                    0.03483286127448082,
                    0.0,
                    -6.80589655530639e-05,
                    -0.03483286872506142,
                    0.999393105506897,
                    0.0,
                    5.2849754865746945e-06,
                    -1.7710548639297485,
                    -0.07760577648878098,
                    1.0
                ]
            },
            {
                "id": 4,
                "name": "leg_stretch.l",
                "inverse_bind_mat": [
                    0.14234761893749237,
                    0.07705220580101013,
                    -0.9868131279945374,
                    -0.0,
                    -0.1431962251663208,
                    -0.9848743081092834,
                    -0.09755688905715942,
                    0.0,
                    -0.9794038534164429,
                    0.15519487857818604,
                    -0.12916094064712524,
                    0.0,
                    0.060409028083086014,
                    0.5655168294906616,
                    0.21214419603347778,
                    1.0
                ]
            },
            {
                "id": 5,
                "name": "leg_stretch.r",
                "inverse_bind_mat": [
                    0.14234797656536102,
                    -0.07705219835042953,
                    0.9868128895759583,
                    -0.0,
                    0.14319618046283722,
                    -0.9848741888999939,
                    -0.09755692631006241,
                    0.0,
                    0.9794037342071533,
                    0.15519486367702484,
                    -0.1291612684726715,
                    -0.0,
                    -0.060408949851989746,
                    0.5655168294906616,
                    0.2121441811323166,
                    1.0
                ]
            },
            {
                "id": 6,
                "name": "thigh_stretch.l",
                "inverse_bind_mat": [
                    0.13354772329330444,
                    0.09145940840244293,
                    -0.9868130683898926,
                    -0.0,
                    -0.03983641415834427,
                    -0.9944321513175964,
                    -0.09755688160657883,
                    0.0,
                    -0.9902414083480835,
                    0.0523395910859108,
                    -0.12916076183319092,
                    0.0,
                    0.0011783016379922628,
                    0.8019208312034607,
                    0.21214421093463898,
                    1.0
                ]
            },
            {
                "id": 7,
                "name": "thigh_stretch.r",
                "inverse_bind_mat": [
                    0.13354818522930145,
                    -0.09145940840244293,
                    0.986812949180603,
                    -0.0,
                    0.039836373180150986,
                    -0.9944321513175964,
                    -0.09755688160657883,
                    0.0,
                    0.990241289138794,
                    0.0523395873606205,
                    -0.12916122376918793,
                    -0.0,
                    -0.0011782045476138592,
                    0.8019208312034607,
                    0.2121441811323166,
                    1.0
                ]
            },
            {
                "id": 8,
                "name": "arm_stretch.l",
                "inverse_bind_mat": [
                    -0.08915425091981888,
                    0.8357682228088379,
                    -0.5417959690093994,
                    -0.0,
                    0.0575072318315506,
                    -0.5387353897094727,
                    -0.8405100703239441,
                    -0.0,
                    -0.9943563342094421,
                    -0.10609219968318939,
                    -3.214925527572632e-05,
                    0.0,
                    -0.04313885420560837,
                    0.5549697279930115,
                    1.4428527355194092,
                    1.0
                ]
            },
            {
                "id": 9,
                "name": "arm_stretch.r",
                "inverse_bind_mat": [
                    -0.08915422856807709,
                    -0.8357682228088379,
                    0.5417959690093994,
                    0.0,
                    -0.057507265359163284,
                    -0.5387354493141174,
                    -0.8405100107192993,
                    0.0,
                    0.9943563938140869,
                    -0.10609221458435059,
                    -3.221631050109863e-05,
                    0.0,
                    0.043138906359672546,
                    0.5549697875976563,
                    1.4428527355194092,
                    1.0
                ]
            },
            {
                "id": 10,
                "name": "forearm_stretch.l",
                "inverse_bind_mat": [
                    -0.0914733037352562,
                    0.8355177640914917,
                    -0.5417957305908203,
                    -0.0,
                    0.05900159850716591,
                    -0.5385734438896179,
                    -0.8405101895332336,
                    -0.0,
                    -0.9940581321716309,
                    -0.1088511049747467,
                    -3.177672624588013e-05,
                    0.0,
                    -0.04429781064391136,
                    0.4178123474121094,
                    1.4428529739379883,
                    1.0
                ]
            },
            {
                "id": 11,
                "name": "forearm_stretch.r",
                "inverse_bind_mat": [
                    -0.0914730578660965,
                    -0.8355174660682678,
                    0.5417962670326233,
                    0.0,
                    -0.059002187103033066,
                    -0.5385739207267761,
                    -0.8405098915100098,
                    0.0,
                    0.9940580129623413,
                    -0.10885098576545715,
                    -3.237649434595369e-05,
                    0.0,
                    0.04429876431822777,
                    0.41781315207481384,
                    1.4428527355194092,
                    1.0
                ]
            },
            {
                "id": 12,
                "name": "forearm.l",
                "inverse_bind_mat": [
                    -0.09147315472364426,
                    0.8355172872543335,
                    -0.5417963862419128,
                    -0.0,
                    0.059002585709095,
                    -0.5385740399360657,
                    -0.8405097723007202,
                    -0.0,
                    -0.9940580129623413,
                    -0.10885146260261536,
                    -3.265589111833833e-05,
                    0.0,
                    -0.044299300760030746,
                    0.4178133010864258,
                    1.4428526163101196,
                    1.0
                ]
            },
            {
                "id": 13,
                "name": "forearm.r",
                "inverse_bind_mat": [
                    -0.09147315472364426,
                    -0.8355172872543335,
                    0.5417963862419128,
                    0.0,
                    -0.059002585709095,
                    -0.5385740399360657,
                    -0.8405097723007202,
                    0.0,
                    0.9940580129623413,
                    -0.10885146260261536,
                    -3.265589111833833e-05,
                    0.0,
                    0.044299300760030746,
                    0.4178133010864258,
                    1.4428526163101196,
                    1.0
                ]
            },
            {
                "id": 14,
                "name": "c_root.x",
                "inverse_bind_mat": [
                    1.0,
                    -0.0,
                    -7.152557373046875e-06,
                    -0.0,
                    1.1652994107852477e-12,
                    -1.0,
                    1.6292067073209182e-07,
                    0.0,
                    -7.152557373046875e-06,
                    -1.6292067073209182e-07,
                    -1.0,
                    0.0,
                    -1.8317588512672955e-07,
                    1.2082552909851074,
                    -0.025609852746129036,
                    1.0
                ]
            },
            {
                "id": 15,
                "name": "c_spine_01.x",
                "inverse_bind_mat": [
                    0.999978244304657,
                    1.1641532182693481e-10,
                    0.006602552719414234,
                    -0.0,
                    0.0008599014836363494,
                    0.9914827346801758,
                    -0.13023488223552704,
                    -0.0,
                    -0.006546317599713802,
                    0.13023774325847626,
                    0.9914612174034119,
                    0.0,
                    -0.0009796582162380219,
                    -1.1991444826126099,
                    0.14837242662906647,
                    1.0
                ]
            },
            {
                "id": 16,
                "name": "root.x",
                "inverse_bind_mat": [
                    1.0,
                    -0.0,
                    -7.065133559081005e-06,
                    -0.0,
                    1.1510562468453056e-12,
                    -1.0,
                    1.6292067073209182e-07,
                    0.0,
                    -7.065133559081005e-06,
                    -1.6292067073209182e-07,
                    -1.0,
                    0.0,
                    -1.8093700759891362e-07,
                    1.2082552909851074,
                    -0.025609850883483887,
                    1.0
                ]
            },
            {
                "id": 17,
                "name": "c_thigh_b.l",
                "inverse_bind_mat": [
                    0.13354767858982086,
                    0.0914597138762474,
                    -0.9868131279945374,
                    -0.0,
                    -0.03983631357550621,
                    -0.9944321513175964,
                    -0.09755702316761017,
                    0.0,
                    -0.9902413487434387,
                    0.05233948677778244,
                    -0.12916070222854614,
                    0.0,
                    0.0011782047804445028,
                    1.1017338037490845,
                    0.21214434504508972,
                    1.0
                ]
            },
            {
                "id": 18,
                "name": "c_thigh_b.r",
                "inverse_bind_mat": [
                    0.13354811072349548,
                    -0.09145967662334442,
                    0.9868132472038269,
                    -0.0,
                    0.03983623906970024,
                    -0.9944325089454651,
                    -0.09755699336528778,
                    0.0,
                    0.9902414083480835,
                    0.05233948677778244,
                    -0.12916117906570435,
                    -0.0,
                    -0.0011780675267800689,
                    1.1017340421676636,
                    0.21214428544044495,
                    1.0
                ]
            },
            {
                "id": 19,
                "name": "c_thigh_fk.l",
                "inverse_bind_mat": [
                    0.13354767858982086,
                    0.09145960956811905,
                    -0.9868131875991821,
                    -0.0,
                    -0.03983624652028084,
                    -0.994432270526886,
                    -0.09755688905715942,
                    0.0,
                    -0.9902414083480835,
                    0.052339404821395874,
                    -0.12916073203086853,
                    0.0,
                    0.0011781341163441539,
                    1.0351089239120483,
                    0.21214421093463898,
                    1.0
                ]
            },
            {
                "id": 20,
                "name": "thigh_twist.l",
                "inverse_bind_mat": [
                    0.13354766368865967,
                    0.09145962446928024,
                    -0.9868131279945374,
                    -0.0,
                    -0.039836250245571136,
                    -0.9944321513175964,
                    -0.09755692631006241,
                    0.0,
                    -0.9902413487434387,
                    0.05233940854668617,
                    -0.12916071712970734,
                    0.0,
                    0.0011781377252191305,
                    1.0351088047027588,
                    0.21214422583580017,
                    1.0
                ]
            },
            {
                "id": 21,
                "name": "c_leg_fk.l",
                "inverse_bind_mat": [
                    0.14234764873981476,
                    0.07705219835042953,
                    -0.9868130683898926,
                    -0.0,
                    -0.14319582283496857,
                    -0.984874427318573,
                    -0.09755678474903107,
                    0.0,
                    -0.9794039726257324,
                    0.1551944613456726,
                    -0.12916100025177002,
                    0.0,
                    0.06040871888399124,
                    0.5655169486999512,
                    0.212144136428833,
                    1.0
                ]
            },
            {
                "id": 22,
                "name": "leg_fk.l",
                "inverse_bind_mat": [
                    0.142347514629364,
                    0.07705222815275192,
                    -0.9868131279945374,
                    -0.0,
                    -0.1431962549686432,
                    -0.9848743677139282,
                    -0.09755684435367584,
                    0.0,
                    -0.9794039726257324,
                    0.15519489347934723,
                    -0.1291608363389969,
                    0.0,
                    0.060409024357795715,
                    0.565517008304596,
                    0.2121441811323166,
                    1.0
                ]
            },
            {
                "id": 23,
                "name": "foot.l",
                "inverse_bind_mat": [
                    -0.9984220862388611,
                    0.05351686477661133,
                    -0.017008783295750618,
                    -0.0,
                    0.005787880625575781,
                    -0.20320487022399902,
                    -0.9791191220283508,
                    -0.0,
                    -0.05585567653179169,
                    -0.9776727557182312,
                    0.2025744467973709,
                    0.0,
                    0.20047447085380554,
                    0.08251161128282547,
                    0.06495149433612823,
                    1.0
                ]
            },
            {
                "id": 24,
                "name": "toes_01.l",
                "inverse_bind_mat": [
                    0.9972113370895386,
                    0.0733056589961052,
                    0.013995819725096226,
                    -0.0,
                    0.0005178070277906954,
                    -0.19432853162288666,
                    0.9809364080429077,
                    0.0,
                    0.07462800294160843,
                    -0.9781937003135681,
                    -0.19382455945014954,
                    0.0,
                    -0.1981823742389679,
                    -0.12661203742027283,
                    -0.06333210319280624,
                    1.0
                ]
            },
            {
                "id": 25,
                "name": "toes_01.l_end",
                "inverse_bind_mat": [
                    0.9972113370895386,
                    0.07330518215894699,
                    0.013995599932968616,
                    -0.0,
                    0.0005179038271307945,
                    -0.19432814419269562,
                    0.9809364676475525,
                    0.0,
                    0.07462750375270844,
                    -0.9781937599182129,
                    -0.1938241869211197,
                    0.0,
                    -0.19818244874477386,
                    -0.19063200056552887,
                    -0.0633319839835167,
                    1.0
                ]
            },
            {
                "id": 26,
                "name": "thigh_twist.l_end",
                "inverse_bind_mat": [
                    0.13354766368865967,
                    0.09145963191986084,
                    -0.9868131279945374,
                    -0.0,
                    -0.03983623906970024,
                    -0.9944321513175964,
                    -0.09755692631006241,
                    0.0,
                    -0.9902413487434387,
                    0.052339401096105576,
                    -0.12916071712970734,
                    0.0,
                    0.0011781265493482351,
                    0.8019207715988159,
                    0.21214424073696136,
                    1.0
                ]
            },
            {
                "id": 27,
                "name": "c_thigh_fk.r",
                "inverse_bind_mat": [
                    0.13354820013046265,
                    -0.09145960211753845,
                    0.9868131875991821,
                    -0.0,
                    0.03983619436621666,
                    -0.9944325089454651,
                    -0.09755689650774002,
                    0.0,
                    0.9902413487434387,
                    0.05233944207429886,
                    -0.12916125357151031,
                    -0.0,
                    -0.0011780079221352935,
                    1.0351089239120483,
                    0.21214419603347778,
                    1.0
                ]
            },
            {
                "id": 28,
                "name": "thigh_twist.r",
                "inverse_bind_mat": [
                    0.13354815542697906,
                    -0.09145962446928024,
                    0.9868131875991821,
                    -0.0,
                    0.039836179465055466,
                    -0.9944324493408203,
                    -0.09755692631006241,
                    0.0,
                    0.9902413487434387,
                    0.05233941972255707,
                    -0.12916122376918793,
                    -0.0,
                    -0.0011780003551393747,
                    1.0351088047027588,
                    0.21214422583580017,
                    1.0
                ]
            },
            {
                "id": 29,
                "name": "c_leg_fk.r",
                "inverse_bind_mat": [
                    0.14234764873981476,
                    -0.07705267518758774,
                    0.9868132472038269,
                    -0.0,
                    0.14319662749767303,
                    -0.9848745465278625,
                    -0.09755735844373703,
                    0.0,
                    0.9794038534164429,
                    0.15519538521766663,
                    -0.12916089594364166,
                    -0.0,
                    -0.06040918827056885,
                    0.5655168890953064,
                    0.21214449405670166,
                    1.0
                ]
            },
            {
                "id": 30,
                "name": "leg_fk.r",
                "inverse_bind_mat": [
                    0.14234799146652222,
                    -0.07705225050449371,
                    0.9868132472038269,
                    -0.0,
                    0.14319613575935364,
                    -0.9848746657371521,
                    -0.09755691885948181,
                    0.0,
                    0.9794039130210876,
                    0.15519483387470245,
                    -0.1291612982749939,
                    -0.0,
                    -0.06040887162089348,
                    0.5655170679092407,
                    0.21214419603347778,
                    1.0
                ]
            },
            {
                "id": 31,
                "name": "foot.r",
                "inverse_bind_mat": [
                    -0.9984220862388611,
                    -0.05351685732603073,
                    0.017008332535624504,
                    0.0,
                    -0.005787451285868883,
                    -0.2032049000263214,
                    -0.9791193604469299,
                    0.0,
                    0.05585569515824318,
                    -0.9776725172996521,
                    0.20257453620433807,
                    0.0,
                    -0.20047447085380554,
                    0.0825115293264389,
                    0.06495130807161331,
                    1.0
                ]
            },
            {
                "id": 32,
                "name": "toes_01.r",
                "inverse_bind_mat": [
                    0.9972113370895386,
                    -0.07330510765314102,
                    -0.013996066525578499,
                    -0.0,
                    -0.0005174242542125285,
                    -0.19432829320430756,
                    0.980936586856842,
                    0.0,
                    -0.07462761551141739,
                    -0.9781936407089233,
                    -0.19382429122924805,
                    0.0,
                    0.19818240404129028,
                    -0.12661199271678925,
                    -0.06333194673061371,
                    1.0
                ]
            },
            {
                "id": 33,
                "name": "toes_01.r_end",
                "inverse_bind_mat": [
                    0.9972113370895386,
                    -0.07330510020256042,
                    -0.013996048830449581,
                    -0.0,
                    -0.0005174372927285731,
                    -0.19432826340198517,
                    0.980936586856842,
                    0.0,
                    -0.0746275931596756,
                    -0.9781936407089233,
                    -0.19382426142692566,
                    0.0,
                    0.19818241894245148,
                    -0.19063200056552887,
                    -0.06333193928003311,
                    1.0
                ]
            },
            {
                "id": 34,
                "name": "thigh_twist.r_end",
                "inverse_bind_mat": [
                    0.13354814052581787,
                    -0.09145965427160263,
                    0.9868132472038269,
                    -0.0,
                    0.03983619436621666,
                    -0.9944325089454651,
                    -0.09755696356296539,
                    0.0,
                    0.9902414083480835,
                    0.05233943834900856,
                    -0.12916120886802673,
                    -0.0,
                    -0.001178011647425592,
                    0.8019208312034607,
                    0.21214425563812256,
                    1.0
                ]
            },
            {
                "id": 35,
                "name": "spine_01.x",
                "inverse_bind_mat": [
                    0.999978244304657,
                    1.7462298274040222e-10,
                    0.006602551322430372,
                    -0.0,
                    0.0008599017164669931,
                    0.9914827346801758,
                    -0.130234956741333,
                    -0.0,
                    -0.00654631620272994,
                    0.13023781776428223,
                    0.9914612174034119,
                    0.0,
                    -0.0009796583326533437,
                    -1.1991443634033203,
                    0.14837253093719482,
                    1.0
                ]
            },
            {
                "id": 36,
                "name": "c_spine_02.x",
                "inverse_bind_mat": [
                    1.0,
                    -2.920241826132042e-11,
                    -2.3761919010212296e-07,
                    -0.0,
                    -7.898458775912331e-09,
                    0.9994407296180725,
                    -0.03343784809112549,
                    0.0,
                    2.3782182267950702e-07,
                    0.0334378182888031,
                    0.9994409084320068,
                    0.0,
                    3.968512629626275e-09,
                    -1.3689157962799072,
                    0.015648430213332176,
                    1.0
                ]
            },
            {
                "id": 37,
                "name": "spine_01.x_end",
                "inverse_bind_mat": [
                    0.999978244304657,
                    2.3283064365386963e-10,
                    0.006602551322430372,
                    -0.0,
                    0.0008599018328823149,
                    0.9914827346801758,
                    -0.1302349865436554,
                    -0.0,
                    -0.00654631620272994,
                    0.13023784756660461,
                    0.9914612174034119,
                    0.0,
                    -0.0009796585654839873,
                    -1.36094069480896,
                    0.1483725756406784,
                    1.0
                ]
            },
            {
                "id": 38,
                "name": "spine_02.x",
                "inverse_bind_mat": [
                    1.0,
                    -1.4571810424968135e-10,
                    -2.378374972522579e-07,
                    -0.0,
                    -7.789298095417507e-09,
                    0.9994407296180725,
                    -0.033437807112932205,
                    0.0,
                    2.3804392412785091e-07,
                    0.03343777731060982,
                    0.9994409084320068,
                    0.0,
                    3.476703813731774e-09,
                    -1.3689157962799072,
                    0.01564834453165531,
                    1.0
                ]
            },
            {
                "id": 39,
                "name": "c_spine_03.x",
                "inverse_bind_mat": [
                    1.0,
                    -1.497573454134482e-10,
                    1.5681795861866021e-09,
                    -0.0,
                    2.158036804811303e-10,
                    0.9995256066322327,
                    -0.03079240210354328,
                    -0.0,
                    -1.2283065675688931e-09,
                    0.030792368575930595,
                    0.9995258450508118,
                    0.0,
                    -2.6943386410849257e-10,
                    -1.5309292078018188,
                    0.011596362106502056,
                    1.0
                ]
            },
            {
                "id": 40,
                "name": "spine_02.x_end",
                "inverse_bind_mat": [
                    1.0,
                    -1.4571632789284195e-10,
                    -2.378374972522579e-07,
                    -0.0,
                    -7.789301648131186e-09,
                    0.9994407296180725,
                    -0.0334378182888031,
                    0.0,
                    2.3804392412785091e-07,
                    0.03343778848648071,
                    0.9994409084320068,
                    0.0,
                    3.4767086987130824e-09,
                    -1.530893325805664,
                    0.015648357570171356,
                    1.0
                ]
            },
            {
                "id": 41,
                "name": "spine_03.x",
                "inverse_bind_mat": [
                    1.0,
                    -1.4975613804590893e-10,
                    1.5681929088628976e-09,
                    -0.0,
                    2.1580254250253006e-10,
                    0.9995256066322327,
                    -0.030792195349931717,
                    -0.0,
                    -1.2283198902451886e-09,
                    0.03079216182231903,
                    0.9995258450508118,
                    0.0,
                    -2.694306999728724e-10,
                    -1.5309293270111084,
                    0.011596045456826687,
                    1.0
                ]
            },
            {
                "id": 42,
                "name": "c_neck.x",
                "inverse_bind_mat": [
                    0.999909520149231,
                    -0.0,
                    -0.01345193199813366,
                    -0.0,
                    0.00392031529918313,
                    0.9565916061401367,
                    0.29140496253967285,
                    0.0,
                    0.012868007645010948,
                    -0.2914314568042755,
                    0.956505298614502,
                    0.0,
                    -0.007153666578233242,
                    -1.6065316200256348,
                    -0.5317465662956238,
                    1.0
                ]
            },
            {
                "id": 43,
                "name": "c_shoulder.r",
                "inverse_bind_mat": [
                    1.5632166672219228e-09,
                    -1.0,
                    1.9496221304038386e-10,
                    -0.0,
                    -0.0019264098955318332,
                    -2.1580255638031787e-10,
                    -0.9999980330467224,
                    0.0,
                    0.9999982714653015,
                    1.2283198902451886e-09,
                    -0.00192636891733855,
                    0.0,
                    -0.027508176863193512,
                    -0.049882445484399796,
                    1.5880768299102783,
                    1.0
                ]
            },
            {
                "id": 44,
                "name": "c_shoulder.l",
                "inverse_bind_mat": [
                    -1.5632166672219228e-09,
                    1.0,
                    1.9496221304038386e-10,
                    -0.0,
                    0.0019264098955318332,
                    2.1580255638031787e-10,
                    -0.9999980330467224,
                    -0.0,
                    -0.9999982714653015,
                    -1.2283198902451886e-09,
                    -0.00192636891733855,
                    0.0,
                    0.027508176863193512,
                    -0.049882445484399796,
                    1.5880768299102783,
                    1.0
                ]
            },
            {
                "id": 45,
                "name": "neck.x",
                "inverse_bind_mat": [
                    0.9999094605445862,
                    -2.3283061589829401e-10,
                    -0.013451931066811085,
                    -0.0,
                    0.003920324146747589,
                    0.9565913081169128,
                    0.2914056181907654,
                    0.0,
                    0.012868002988398075,
                    -0.29143211245536804,
                    0.9565050005912781,
                    0.0,
                    -0.007153679151087999,
                    -1.606530785560608,
                    -0.531747579574585,
                    1.0
                ]
            },
            {
                "id": 46,
                "name": "neck.x_end",
                "inverse_bind_mat": [
                    0.9999094605445862,
                    2.3283061589829401e-10,
                    -0.01345193199813366,
                    -0.0,
                    0.003920324612408876,
                    0.9565913081169128,
                    0.29140564799308777,
                    0.0,
                    0.01286800391972065,
                    -0.29143214225769043,
                    0.9565050005912781,
                    0.0,
                    -0.007153680548071861,
                    -1.691109538078308,
                    -0.5317476391792297,
                    1.0
                ]
            },
            {
                "id": 47,
                "name": "shoulder.r",
                "inverse_bind_mat": [
                    5.120147406540755e-16,
                    -1.0000001192092896,
                    -4.261967704223935e-17,
                    -0.0,
                    -0.0019263908034190536,
                    -1.78293161484655e-11,
                    -0.9999980330467224,
                    0.0,
                    0.9999982714653015,
                    -3.345179133695808e-10,
                    -0.0019263498252257705,
                    0.0,
                    -0.027508201077580452,
                    -0.0498824417591095,
                    1.5880768299102783,
                    1.0
                ]
            },
            {
                "id": 48,
                "name": "arm_twist.r",
                "inverse_bind_mat": [
                    -0.08915669471025467,
                    -0.835770308971405,
                    0.5417927503585815,
                    0.0,
                    -0.05750418081879616,
                    -0.5387323498725891,
                    -0.8405120968818665,
                    0.0,
                    0.9943563938140869,
                    -0.10609260946512222,
                    -2.8651209504459985e-05,
                    0.0,
                    0.04313354566693306,
                    0.692000150680542,
                    1.4428555965423584,
                    1.0
                ]
            },
            {
                "id": 49,
                "name": "shoulder.r_end",
                "inverse_bind_mat": [
                    1.4049035275803598e-23,
                    -1.0000001192092896,
                    3.2816674793914246e-24,
                    -0.0,
                    -0.0019263908034190536,
                    -1.7829357781828925e-11,
                    -0.9999980330467224,
                    0.0,
                    0.9999982714653015,
                    -3.345184129699419e-10,
                    -0.0019263498252257705,
                    0.0,
                    -0.027508201077580452,
                    -0.199529767036438,
                    1.5880768299102783,
                    1.0
                ]
            },
            {
                "id": 50,
                "name": "c_arm_twist_offset.r",
                "inverse_bind_mat": [
                    -0.08915379643440247,
                    -0.8357681035995483,
                    0.5417965650558472,
                    0.0,
                    -0.057507969439029694,
                    -0.5387358665466309,
                    -0.8405096530914307,
                    0.0,
                    0.9943563938140869,
                    -0.10609222948551178,
                    -3.295019632787444e-05,
                    0.0,
                    0.043140146881341934,
                    0.6920062303543091,
                    1.4428523778915405,
                    1.0
                ]
            },
            {
                "id": 51,
                "name": "c_arm_twist_offset.r_end",
                "inverse_bind_mat": [
                    -0.08915384858846664,
                    -0.8357681035995483,
                    0.5417965650558472,
                    0.0,
                    -0.05750790610909462,
                    -0.5387358665466309,
                    -0.8405096530914307,
                    0.0,
                    0.9943563938140869,
                    -0.10609223693609238,
                    -3.286451465100981e-05,
                    0.0,
                    0.04314002767205238,
                    0.5549705028533936,
                    1.442852258682251,
                    1.0
                ]
            },
            {
                "id": 52,
                "name": "shoulder.l",
                "inverse_bind_mat": [
                    -5.120147406540755e-16,
                    1.0000001192092896,
                    -4.261967704223935e-17,
                    -0.0,
                    0.0019263910362496972,
                    1.78293161484655e-11,
                    -0.9999980330467224,
                    0.0,
                    -0.9999982714653015,
                    3.345179133695808e-10,
                    -0.0019263500580564141,
                    0.0,
                    0.027508201077580452,
                    -0.0498824417591095,
                    1.5880768299102783,
                    1.0
                ]
            },
            {
                "id": 53,
                "name": "arm_twist.l",
                "inverse_bind_mat": [
                    -0.08915681391954422,
                    0.8357703685760498,
                    -0.5417928099632263,
                    -0.0,
